0.000667
0.000435
0.000452
0.000344
0.000504
0.000552
0.000899
0.001359
0.001438
0.000256
0.000404
0.000414
0.000363
0.000504
0.000518
0.000614
0.000966
0.000944
0.000303
0.000640
0.000653
0.000405
0.000561
0.000576
0.000888
0.001471
0.001469
0.001234
0.001430
0.001464
0.000896
0.001412
0.001457
0.000457
0.000793
0.000819
0.000235
0.000383
0.000397
0.000227
0.000426
0.000406
0.000876
0.001366
0.001419
0.000421
0.000706
0.000725
0.000896
0.001453
0.001495
0.000913
0.001490
0.001550
0.001135
0.001760
0.001394
0.000293
0.000483
0.000496
0.000747
0.001228
0.001226
0.000836
0.001400
0.001424
0.000864
0.001382
0.001436
0.000879
0.001362
0.001409
0.001047
0.001424
0.001471
0.000786
0.001330
0.001514
0.000210
0.000355
0.000369
0.000264
0.000397
0.000400
0.001121
0.001536
0.001342
0.000952
0.001495
0.001520
0.000848
0.001360
0.001421
0.000842
0.001370
0.001418
0.000938
0.001407
0.001506
0.000286
0.000428
0.000442
0.000848
0.001328
0.001376
0.000911
0.001403
0.001405
0.000804
0.001329
0.001381
0.000243
0.000383
0.000396
0.000862
0.001386
0.001439
0.000591
0.000333
0.000854
0.000736
0.001168
0.001207
0.000816
0.001344
0.001386
0.000808
0.001441
0.001394
0.000928
0.001440
0.001488
0.000519
0.000746
0.000740
0.000845
0.002198
0.002134
0.000830
0.002042
0.002305
0.000244
0.000391
0.000404
0.000261
0.000413
0.000423
0.000832
0.001303
0.001350
0.000843
0.001343
0.001476
0.000802
0.001314
0.001369
0.000630
0.000988
0.001049
0.000275
0.000390
0.000403
0.000287
0.000402
0.000416
0.000816
0.001348
0.001382
0.000228
0.000386
0.000448
0.000846
0.001370
0.001415
0.000849
0.001690
0.001460
0.000284
0.000408
0.000427
0.000266
0.000406
0.000436
0.000779
0.001325
0.001410
0.000247
0.000427
0.000440
0.000240
0.000385
0.000422
0.000346
0.000537
0.000550
0.000241
0.000541
0.000397
0.000822
0.001337
0.001384
0.000245
0.000388
0.000402
0.000224
0.000432
0.000435
0.000796
0.001347
0.001394
0.000840
0.001359
0.001406
0.000806
0.001308
0.001398
0.000901
0.001374
0.001459
0.000263
0.000528
0.000403
0.000282
0.000392
0.000410
0.000794
0.001311
0.001376
0.000277
0.000378
0.000390
0.000865
0.001357
0.001404
0.000239
0.000382
0.000395
0.000809
0.001339
0.001388
0.000230
0.000680
0.000548
0.000756
0.001292
0.001319
0.000970
0.001343
0.001372
0.000275
0.000416
0.000429
0.000257
0.000412
0.000403
0.000303
0.000420
0.000438
0.000215
0.000367
0.000378
0.000713
0.001318
0.001244
0.000846
0.001352
0.001400
0.000947
0.001708
0.001560
0.000862
0.001352
0.001397
0.000803
0.001360
0.001364
0.000841
0.001372
0.001447
0.000776
0.001293
0.001329
0.000824
0.001303
0.001349
0.000260
0.000401
0.000414
0.001350
0.001628
0.001503
0.000257
0.000406
0.000414
0.000833
0.001733
0.001454
0.000239
0.000388
0.000398
