0.000097
0.000216
0.000437
0.000868
0.000931
0.000428
0.000104
0.000244
0.000380
0.000303
0.000317
0.000405
0.000157
0.000302
0.000438
0.000411
0.000376
0.000463
0.000100
0.000221
0.000430
0.000323
0.000336
0.000396
0.000099
0.000208
0.000377
0.000299
0.000338
0.000366
0.000251
0.000750
0.001388
0.001088
0.001133
0.001601
0.000144
0.000259
0.000455
0.000394
0.000389
0.000444
0.000103
0.000205
0.000365
0.000296
0.000308
0.000358
0.000290
0.000669
0.001237
0.000985
0.001532
0.001215
0.000340
0.000736
0.001274
0.001024
0.001062
0.001300
0.000321
0.001043
0.001657
0.001371
0.001434
0.001645
0.000333
0.000731
0.001405
0.001043
0.001138
0.001323
0.000122
0.000243
0.000497
0.000387
0.000414
0.000525
0.000275
0.000773
0.001329
0.001101
0.001138
0.001341
0.000498
0.000958
0.001517
0.001303
0.001350
0.001518
0.000260
0.000842
0.001608
0.001363
0.001412
0.001574
0.000155
0.000539
0.001018
0.000759
0.000813
0.001008
0.000134
0.000389
0.000899
0.000638
0.000720
0.000845
0.000146
0.000331
0.000505
0.000420
0.000504
0.000488
0.000158
0.000297
0.000537
0.000439
0.000452
0.000528
0.000319
0.000879
0.001445
0.001210
0.001260
0.001475
0.000116
0.000257
0.000623
0.000465
0.000539
0.000615
0.000321
0.000799
0.001555
0.001226
0.001275
0.001532
0.000343
0.000725
0.001330
0.001033
0.001115
0.001310
0.000325
0.000807
0.001334
0.001063
0.001211
0.001340
0.000343
0.000680
0.001310
0.001032
0.001218
0.001270
0.000105
0.000177
0.000339
0.000295
0.000279
0.000333
0.000268
0.000665
0.001293
0.000976
0.001055
0.001219
0.000337
0.000793
0.001257
0.000986
0.001045
0.001233
0.000309
0.000699
0.001347
0.001073
0.001124
0.001270
0.000303
0.000677
0.001296
0.001002
0.001046
0.001232
0.000345
0.000675
0.001255
0.000990
0.001046
0.001231
0.000098
0.000201
0.000365
0.000291
0.000321
0.000359
0.000119
0.000199
0.000361
0.000289
0.000302
0.000354
0.000301
0.000695
0.001661
0.001139
0.001791
0.001404
0.000347
0.001024
0.001814
0.001554
0.001193
0.001282
0.000312
0.000696
0.001275
0.001003
0.001055
0.001251
0.000337
0.000896
0.001519
0.001238
0.001292
0.001499
0.000127
0.000193
0.000357
0.000283
0.000420
0.000351
0.000099
0.000247
0.000364
0.000293
0.000306
0.000366
0.000331
0.000709
0.001284
0.000997
0.001044
0.001242
0.000319
0.000678
0.001253
0.001028
0.001063
0.001233
0.000179
0.000309
0.000582
0.000469
0.000686
0.000573
0.000359
0.000686
0.001298
0.000978
0.001028
0.001314
0.000323
0.001054
0.001788
0.001238
0.001550
0.001353
0.000360
0.000762
0.001547
0.001228
0.001270
0.001486
0.000121
0.000209
0.000403
0.000299
0.000341
0.000404
0.000115
0.000176
0.000364
0.000268
0.000435
0.000342
0.000344
0.000743
0.001348
0.001014
0.001063
0.001253
0.000343
0.000694
0.001336
0.001051
0.001057
0.001247
0.000333
0.000729
0.001269
0.000994
0.001063
0.001235
0.000339
0.000684
0.001290
0.001017
0.001121
0.001290
0.000115
0.000194
0.000403
0.000283
0.000295
0.000349
0.000127
0.000277
0.000404
0.000326
0.000383
0.000365
0.000318
0.000629
0.001232
0.001022
0.000990
0.001203
0.000146
0.000226
0.000394
0.000311
0.000325
0.000380
0.000325
0.000725
0.001313
0.001702
0.001148
0.001763
0.000340
0.000729
0.001286
0.001052
0.001073
0.001306
0.000331
0.000799
0.001272
0.001008
0.001046
0.001249
0.000145
0.000222
0.000426
0.000318
0.000322
0.000376
0.000337
0.000687
0.001282
0.001031
0.001065
0.001298
0.000140
0.000212
0.000480
0.000305
0.000326
0.000464
0.000190
0.000341
0.000680
0.000507
0.000513
0.000614
0.000334
0.000674
0.001263
0.001001
0.001045
0.001242
0.000362
0.001039
0.001673
0.001206
0.001290
0.001674
0.000316
0.000727
0.001296
0.001051
0.001072
0.001243
0.000096
0.000546
0.000374
0.000304
0.000318
0.000369
0.000109
0.000424
0.000361
0.000288
0.000296
0.000355
0.000302
0.000759
0.001370
0.001628
0.001145
0.001375
0.000374
0.000761
0.001409
0.001161
0.001196
0.001386
0.000359
0.000839
0.001595
0.001325
0.001411
0.001572
0.000332
0.000711
0.001494
0.001059
0.001106
0.001614
0.000158
0.000307
0.000473
0.000403
0.000413
0.000466
0.000101
0.000238
0.000388
0.000312
0.000327
0.000381
0.000113
0.000217
0.000418
0.000326
0.000341
0.000411
0.000312
0.000859
0.001510
0.001168
0.001244
0.001498
0.000388
0.000775
0.001439
0.001126
0.001226
0.001413
0.000159
0.000340
0.000676
0.000512
0.000772
0.000635
0.000294
0.000690
0.001341
0.001060
0.001098
0.001321
0.000067
0.000271
0.000509
0.000392
0.000423
0.000511
0.000138
0.000262
0.000544
0.000429
0.000460
0.000537
0.000135
0.000341
0.000678
0.000499
0.000512
0.000627
0.000288
0.000850
0.001986
0.001579
0.001506
0.001631
0.000116
0.000281
0.000457
0.000376
0.000420
0.000450
0.000330
0.000992
0.001769
0.001334
0.001532
0.001734
0.000124
0.000328
0.000537
0.000429
0.000442
0.000530
0.000089
0.000361
0.000633
0.000551
0.000549
0.000627
0.000343
0.000998
0.001726
0.001384
0.001475
0.001705
0.000363
0.000691
0.001291
0.001032
0.001058
0.001261
0.000338
0.000680
0.001305
0.000983
0.001041
0.001234
0.000297
0.000746
0.001274
0.001041
0.001046
0.001255
0.000296
0.000679
0.001247
0.001011
0.001039
0.001296
0.000334
0.000682
0.001296
0.001033
0.001080
0.001315
0.000101
0.000186
0.000341
0.000269
0.000282
0.000336
0.000307
0.000627
0.001153
0.000923
0.001007
0.001129
0.000129
0.000255
0.000422
0.000359
0.000357
0.000409
0.000373
0.000791
0.001451
0.001217
0.001240
0.001434
0.000385
0.000792
0.001468
0.001160
0.001256
0.001443
0.000428
0.001516
0.002646
0.001868
0.002027
0.002525
0.000335
0.000683
0.001260
0.001021
0.001089
0.001235
