0.000077
0.000559
0.000666
0.000087
0.000353
0.000367
0.000117
0.000383
0.000398
0.000116
0.000387
0.000396
0.000153
0.000891
0.000923
0.000286
0.001212
0.001297
0.000106
0.000392
0.000445
0.000113
0.000368
0.000436
0.000279
0.001697
0.001629
0.000290
0.001471
0.001499
0.000271
0.001334
0.001347
0.000365
0.001350
0.001398
0.000120
0.000447
0.000396
0.000154
0.000551
0.000505
0.000256
0.001162
0.001219
0.000302
0.001346
0.001427
0.000270
0.001272
0.001341
0.000265
0.001293
0.001347
0.000273
0.001332
0.001392
0.000090
0.000380
0.000394
0.000096
0.000365
0.000378
0.000287
0.001354
0.001422
0.000308
0.001330
0.001418
0.000304
0.001282
0.001359
0.000107
0.000399
0.000459
0.000114
0.000434
0.000448
0.000115
0.000378
0.000466
0.000088
0.000360
0.000467
0.000380
0.001536
0.001541
0.000142
0.000403
0.000416
0.000305
0.001289
0.001330
0.000312
0.001342
0.001381
0.000325
0.001360
0.001410
0.000127
0.000385
0.000396
0.000114
0.000394
0.000379
0.000278
0.001299
0.001320
0.000299
0.001295
0.001345
0.000273
0.001710
0.001440
0.000398
0.001422
0.001484
0.000091
0.000391
0.000440
0.000088
0.000373
0.000477
0.000176
0.000776
0.000806
0.000312
0.001335
0.001579
0.000230
0.001243
0.001326
0.000274
0.001580
0.001823
0.000226
0.001488
0.001611
0.000091
0.000370
0.000383
0.000102
0.000493
0.000587
0.000270
0.001246
0.001342
0.000135
0.000430
0.000434
0.000285
0.001348
0.001359
0.000297
0.001299
0.001341
0.000317
0.001309
0.001412
0.000107
0.000476
0.000593
0.000117
0.000562
0.000390
0.000083
0.000377
0.000394
0.000173
0.000625
0.000647
0.000274
0.001277
0.001334
0.000294
0.001306
0.001361
0.000122
0.000392
0.000406
0.000119
0.000406
0.000391
0.000167
0.000803
0.000911
0.000080
0.000515
0.000502
0.000315
0.001274
0.001330
0.000153
0.000766
0.000639
0.000318
0.001392
0.001389
0.000120
0.000370
0.000387
0.000084
0.000347
0.000373
0.000082
0.000410
0.000386
0.000260
0.001352
0.001572
0.000311
0.001330
0.001343
0.000309
0.001270
0.001366
0.000251
0.001243
0.001331
0.000090
0.000379
0.000423
0.000101
0.000479
0.000492
0.000142
0.000507
0.000487
0.000122
0.000381
0.000397
0.000275
0.001303
0.001348
0.000119
0.000418
0.000431
0.000312
0.001296
0.001353
0.000101
0.000529
0.000543
0.000124
0.000648
0.000394
0.000105
0.000478
0.000531
0.000313
0.001300
0.001354
0.000125
0.000683
0.000878
0.000276
0.001316
0.001375
0.000086
0.000380
0.000411
0.000136
0.000369
0.000526
0.000087
0.000406
0.000419
0.000318
0.001287
0.001344
0.000301
0.001319
0.001370
0.000298
0.001288
0.001336
0.000307
0.001326
0.001437
0.000321
0.001401
0.001446
0.000315
0.001463
0.001489
0.000293
0.001480
0.001383
0.000120
0.000373
0.000394
0.000182
0.000780
0.000815
0.000255
0.001362
0.001444
0.000093
0.000377
0.000443
